15
     0   103     0   116   111   106     0   112     0    97    90    86   115    86   112
   103     0    94   110   114   117   100   106    84   113   119     0    97     0   109
     0    94     0     0    80    87    90     0     0   111    95    87    80     0    97
   116   110     0     0   106   103     0    92     0    98    91    85   115   103    92
   111   114    80   106     0   111     0   109    85    85     0    98   120     0    83
   106   117    87   103   111     0    80     0   107    87     0     0   113     0     0
     0   100    90     0     0    80     0   108     0   107     0   104   108   114   114
   112   106     0    92   109     0   108     0   100     0     0    88    82   100     0
     0    84     0     0    85   107     0   100     0   105   110     0    85     0   119
    97   113   111    98    85    87   107     0   105     0    87     0     0    98    86
    90   119    95    91     0     0     0     0   110    87     0    84     0    80   100
    86     0    87    85    98     0   104    88     0     0    84     0   115   111     0
   115    97    80   115   120   113   108    82    85     0     0   115     0   105    81
    86     0     0   103     0     0   114   100     0    98    80   111   105     0    90
   112   109    97    92    83     0   114     0   119    86   100     0    81    90     0
