15
     0    86     0    97    82   112     0   104    85    82    88     0   117     0   114
    86     0    87    83     0    87     0    88   120     0   108    83    95    98   116
     0    87     0   103     0   110     0   119     0     0   102     0    97     0     0
    97    83   103     0   100   101   119   119   108    98    86    86     0     0   100
    82     0     0   100     0    80   112   108     0    84    82   104   118    91     0
   112    87   110   101    80     0     0   109    86    99   111   114   105     0    85
     0     0     0   119   112     0     0    94     0   102   110    83   101    93     0
   104    88   119   119   108   109    94     0     0   101    82   115     0   101    82
    85   120     0   108     0    86     0     0     0   104   119     0    89   112   100
    82     0     0    98    84    99   102   101   104     0    91   106     0    87    95
    88   108   102    86    82   111   110    82   119    91     0   108   113    95    80
     0    83     0    86   104   114    83   115     0   106   108     0     0     0     0
   117    95    97     0   118   105   101     0    89     0   113     0     0   102     0
     0    98     0     0    91     0    93   101   112    87    95     0   102     0   101
   114   116     0   100     0    85     0    82   100    95    80     0     0   101     0
