15
     0    83    86    89     0   119     0     0     0     0    87   111    87   110     0
    83     0   114   117   100   120    99    86     0     0   100    87   112    81   120
    86   114     0   115   109   100     0     0     0   113    85   112     0   106    93
    89   117   115     0    99    80   108   114    85   116    84     0    83    82   116
     0   100   109    99     0     0     0     0    92     0   112   111    88    92     0
   119   120   100    80     0     0   110   108     0   100     0    92   117    93     0
     0    99     0   108     0   110     0     0     0    95   118     0    89    86    97
     0    86     0   114     0   108     0     0    84     0    91    90     0   110   106
     0     0     0    85    92     0     0    84     0   109   112    95   105   120    90
     0     0   113   116     0   100    95     0   109     0     0   109    82    93   106
    87   100    85    84   112     0   118    91   112     0     0    95    86    96     0
   111    87   112     0   111    92     0    90    95   109    95     0   105   100     0
    87   112     0    83    88   117    89     0   105    82    86   105     0    88     0
   110    81   106    82    92    93    86   110   120    93    96   100    88     0    94
     0   120    93   116     0     0    97   106    90   106     0     0     0    94     0
