15
     0    93   102   100   115   120   118     0    93   117     0   120    92   119   106
    93     0   112    99   119     0   107     0   108     0   109    87   100    88    98
   102   112     0   116   107     0    86     0   109   103   102     0     0   105    81
   100    99   116     0   120     0   120     0     0     0     0     0   103   102   115
   115   119   107   120     0   103    99    89   101   100   101   101    87    93   120
   120     0     0     0   103     0     0    88     0   120   109     0     0   119     0
   118   107    86   120    99     0     0     0    88    88    86     0   108    86   114
     0     0     0     0    89    88     0     0   114     0   115    98     0    97    99
    93   108   109     0   101     0    88   114     0   100     0     0    99   100    84
   117     0   103     0   100   120    88     0   100     0     0    80    94   109   101
     0   109   102     0   101   109    86   115     0     0     0     0   104    89     0
   120    87     0     0   101     0     0    98     0    80     0     0    82     0    86
    92   100     0   103    87     0   108     0    99    94   104    82     0   110    90
   119    88   105   102    93   119    86    97   100   109    89     0   110     0    99
   106    98    81   115   120     0   114    99    84   101     0    86    90    99     0
