15
     0     0   117     0    80    88     0     0     0     0     0     0    84    80    94
     0     0    82   109     0   118    97     0   101    94     0     0    90    96   119
   117    82     0     0    95    87    94   101    95   101   116     0    84    95     0
     0   109     0     0    86   112   118    80   112     0    97    84   110    99     0
    80     0    95    86     0    92   116     0    99     0     0   108   118    87     0
    88   118    87   112    92     0   106    95   111   120   107    88   120    81    95
     0    97    94   118   116   106     0    96   102   112   119   100   118    93   106
     0     0   101    80     0    95    96     0     0     0   109    90     0   108     0
     0   101    95   112    99   111   102     0     0   102   110   113    91    88    84
     0    94   101     0     0   120   112     0   102     0     0    86     0   110   113
     0     0   116    97     0   107   119   109   110     0     0     0    84   119     0
     0     0     0    84   108    88   100    90   113    86     0     0    98   101     0
    84    90    84   110   118   120   118     0    91     0    84    98     0   109    99
    80    96    95    99    87    81    93   108    88   110   119   101   109     0    87
    94   119     0     0     0    95   106     0    84   113     0     0    99    87     0
