15
     0     0    84     0     0   108   108    83    98     0     0    96     0     0     0
     0     0   118     0    95   112     0    87   106   114   117   112    83    84    97
    84   118     0    89    98     0    94   114   114    90   111    99     0    90    83
     0     0    89     0    88     0    89    84   114    93     0   114   103     0    99
     0    95    98    88     0    93    80     0    96     0     0   108     0     0   113
   108   112     0     0    93     0   103    93   106   102     0    84     0     0   112
   108     0    94    89    80   103     0   106   103    80     0    85     0     0   120
    83    87   114    84     0    93   106     0   114   119    89   106    98   102   109
    98   106   114   114    96   106   103   114     0   108   111   115   103    86   110
     0   114    90    93     0   102    80   119   108     0     0    86     0   105    82
     0   117   111     0     0     0     0    89   111     0     0    86    82   112    80
    96   112    99   114   108    84    85   106   115    86    86     0   108    85   109
     0    83     0   103     0     0     0    98   103     0    82   108     0     0    89
     0    84    90     0     0     0     0   102    86   105   112    85     0     0     0
     0    97    83    99   113   112   120   109   110    82    80   109    89     0     0
