15
     0     0   103    88     0   120    89     0    97    95     0   115     0     0     0
     0     0   109   115    82     0   112    90     0     0    97     0    92   113   101
   103   109     0   115     0    80    82     0    93     0   116   104    94     0   103
    88   115   115     0   117    92    83   110    94    90   104   117    98     0   105
     0    82     0   117     0    87   115   120    82     0   106   115     0    86    97
   120     0    80    92    87     0    86   103   111     0   119    83   106   119    88
    89   112    82    83   115    86     0    80   116   114    95   101   110   109   106
     0    90     0   110   120   103    80     0    99     0    82     0   116     0    84
    97     0    93    94    82   111   116    99     0     0    81    93   109    90    90
    95     0     0    90     0     0   114     0     0     0   111    94     0     0   116
     0    97   116   104   106   119    95    82    81   111     0     0     0     0   107
   115     0   104   117   115    83   101     0    93    94     0     0   101    94   113
     0    92    94    98     0   106   110   116   109     0     0   101     0     0     0
     0   113     0     0    86   119   109     0    90     0     0    94     0     0    83
     0   101   103   105    97    88   106    84    90   116   107   113     0    83     0
